1         A++          必修          48               3                1                         1
2         B++          选修          64               4                2                         1
3         C++          必修           64               4                2                        10
4         D++          选修          96               6                6                         1
5         E++           必修          64               4                7                         2
6         F++            选修           16               1                1                       3
7         G++           选修            32               2                2                      0
8         H++           必修            32               2                4                      0
9         I++            必修             64               4                4                      1
10       J++            必修             96               6                5                      1
11       K++           选修              16               1                3                     1
12       L++           必修               96              6                1                      1
13       M++         必修             48              3                4                        0
14       N++          选修              32               2                8                      0
15       O++          选修               32              2                1                      1
16       P++           必修               48              3                5                      1
17       Q++          必修              64              4                2                       0
18       R++          必修                96              6                6                     0
19       S++          必修              96              6                5                       1
20       T++          选修                16              1                3                     1
21       U++         选修                32             2                 5                     1
22       V++         必修               48             3                 4                      0
23       W++        选修               16             1                 7                      1
24       X++         选修                32             2                 8                     1
25       Y++         必修                48             3                 8                      1
26       Z++         选修                32             2                 3                      0