1.342055731016583405e-05 1.080219039145768667e+00 1.064775875359936119e+00 6.892325351390748978e-01 -1.422409666751101587e-01 -1.864349782850978965e+00 -1.811418545541416236e+00 -1.693247921360675257e+00 -1.105545355883430503e+00 -1.888493847815743143e+00 8.376423943645437686e-02 1.039690202242098405e+00 -2.039482047755921457e+00 -1.705555462750740769e-01 -1.296333109965235320e+00 4.453753391825255453e-02 -1.949113059647911150e+00
-2.204958761520617587e-04 -7.694162405017301865e-01 -1.672571617964042634e+00 -1.451619868171453165e-01 -1.132999732522801395e+00 9.854974708106912784e-01 1.218878234286605799e+00 1.433291457971122673e+00 1.026102864092053091e+00 2.689011726505570743e-01 -1.949101067285933686e+00 5.095679859424073754e-01 -3.663417554329161940e-01 -1.413943108119761760e+00 -1.375738385617383708e+00 -3.050664330360346010e+00 1.064010069242801393e+00
-1.847786113824738884e-04 -1.807031912516072536e+00 -5.648544825456695145e-02 -7.733190705910343576e-02 -2.743082158136971760e+00 -2.883108557328323052e+00 1.135357196514534595e+00 1.685424007036036453e+00 -1.887693084842885227e+00 1.697361944176961346e-01 5.966003250543718828e-01 -2.777592840633956728e-01 5.182575963356952364e-01 -1.855901740210484652e-01 -1.209555707303672012e+00 2.066497002402800098e-01 -8.539917621729787856e-01
1.858058995277489598e-04 -1.729464210268158553e+00 -1.215770116915329130e-01 -3.010658718345049500e-01 -1.493825626283917518e-01 1.356829040019640997e+00 1.714347271850808596e+00 -2.255849451957762763e+00 -1.637215737784502023e-01 1.492279255187877407e+00 2.955378263373095726e-01 -1.093257123839856959e+00 -9.424756176649861095e-01 -2.102514866341340660e+00 -1.657796409154057127e+00 5.344802287616717829e-01 -2.337093205507956295e+00
2.100083770289840686e-04 -3.217789970017984613e-01 6.632768839959187757e-01 -3.421850867530730422e+00 -8.019184855180612193e-01 -4.497647865258025401e-01 -1.642672536587089560e+00 -9.149973645924738275e-01 1.393546515798982810e+00 -1.334634408966033137e+00 1.252939496983654033e+00 -1.953589788511623793e+00 4.170504778429405812e-01 -7.991164182629360013e-01 1.153850560567050820e+00 -1.059224952225152228e+00 1.067735946174749984e+00
1.538151336971800532e-04 2.266205155038953922e+00 -2.521448649503292394e+00 -1.041393059191253245e+00 -2.838468188275311554e-01 2.059684302389700683e+00 -5.230370445918368361e-02 -1.179803739322145884e+00 -1.197878413351035620e+00 -2.054571134345789751e+00 2.612909776831858766e-01 -7.336936637391269223e-01 8.418760698235049356e-01 -3.931980669704890352e-01 -1.411839868789128039e+00 -5.074230745920637053e-01 -3.198882786480958251e-01
-2.388218913471331565e-05 6.050358074217764281e-01 -2.733054518472577410e-01 -2.168660482989908544e+00 -2.140771598647070728e-01 -9.479330831473659069e-01 1.335390685363461394e+00 1.188960965234474365e+00 -1.773630009137283636e+00 -1.075323130392398685e+00 -1.270714109061370722e+00 -2.023818154121968804e-01 -2.842878305090073887e+00 -5.480556671687510928e-01 1.527355649622933242e+00 -3.109531266497478907e-01 1.096968053650575925e+00
-2.468130516460896096e-04 -9.810867589057942206e-01 -2.294374489995262056e+00 2.377433020058017377e-01 -6.241532545086879713e-01 -1.896606616363657238e+00 -1.829776080754537126e+00 -7.761482479308562388e-01 1.048573210314513116e+00 9.173884055712221430e-01 1.059962894469745759e-01 1.302355756305167089e+00 2.787152921523435301e-01 -3.863049622523966331e-01 1.738839423570408771e+00 -1.462619072745503068e+00 -2.275118123479963117e+00
-2.105676001192063819e-04 -2.173680722500040297e+00 2.383536718890633677e-01 4.202750013619508951e-01 5.115000129092251990e-01 1.053788449595780774e+00 -2.353814927826597625e+00 1.519813572400446899e+00 -1.997417543685152008e+00 -1.317530995175575370e+00 -1.506121763150472859e+00 -2.193437203895088672e+00 4.347567820753762136e-01 -2.013022279157455560e-03 -1.958336750696977324e+00 3.989846758637159707e-02 -2.891287486823852504e-01
-2.393588488006715483e-04 -9.608338915455464369e-01 -1.492335103273787766e-01 4.643333514228860093e-01 -6.929875286224781439e-01 -4.746700294009898458e-01 -2.170781300137530234e+00 -2.246778027803136180e+00 6.328145215152832792e-01 1.337179002525729077e+00 -3.052764504810689505e+00 -2.202839255039018784e+00 -2.151966134938682329e-01 -7.421550123445227465e-01 8.906164503045700398e-01 6.907379613883347647e-01 9.400629475369299826e-01
